0.05063,1221822,4374,158679422,508699,3261613
0.10018,943339,2982,157829693,508518,1431861
0.09971,34503,240,153886523,489602,263949
0.05076,376912,1473,158679422,508699,1016261
0.18952,825258,3057,157829693,508518,997993
0.05050,2580,8,153886523,489602,26197
0.09844,529835,1843,157829693,508518,1249967
0.09971,58010,237,153886523,489602,487606
0.01248,637680,2301,157829693,508518,6902556
0.05070,834,3,153886523,489602,16107
0.05055,1011234,3034,157829693,508518,2700844
0.09954,361961,1082,157829693,508518,729146
0.11242,115360,425,153886523,489602,429991
0.18819,43589,169,153886523,489602,162253
0.04949,1788439,5460,153886523,489602,4377688
0.09980,768685,2710,153886523,489602,1255880
0.09886,12404,44,157829693,508518,108666
0.09912,519206,2096,153886523,489602,912383
0.05075,11945,54,153886523,489602,102905
0.18437,808942,2816,153886523,489602,917692
0.09796,4848,21,157829693,508518,46277
0.05038,7181,54,153886523,489602,60408
0.09796,1380227,4363,157829693,508518,2225046
0.11242,782762,2425,153886523,489602,1323550
0.11242,1098,6,153886523,489602,18095
0.09921,730063,2458,157829693,508518,1164516
0.01213,13540,74,153886523,489602,135115
0.09954,127533,491,157829693,508518,511668
0.09977,753327,2947,153886523,489602,986673
0.05028,854256,3481,157829693,508518,2353042
0.02554,1335959,4280,157829693,508518,6806903
0.05055,1013328,2828,157829693,508518,2675205
0.05065,1549566,3721,158679422,508699,4450706
0.18839,1025100,3539,157829693,508518,962835
0.09967,1180275,3885,158679422,508699,1839585
0.05067,2057353,4656,157829693,508518,4871745
0.18653,774044,2536,158679422,508699,749499
0.09997,585,2,153886523,489602,10063
0.09948,547169,1749,158679422,508699,987218
0.02548,747924,2442,157829693,508518,3705851
0.05020,5202,8,158679422,508699,46312
0.09886,1149482,4278,157829693,508518,1635968
0.05056,586059,1901,158679422,508699,1639589
0.05076,235804,855,158679422,508699,618852
0.10009,1123468,3839,153886523,489602,1531475
0.04887,67400,239,157829693,508518,523298
0.09811,769724,2629,157829693,508518,1175691
0.09945,1407085,4462,158679422,508699,2016978
0.05069,2294570,7528,153886523,489602,7035705
0.19050,340655,1062,158679422,508699,431079
0.04949,6209,11,153886523,489602,52325
0.05046,2105823,6779,157829693,508518,6063523
0.05061,667631,2015,157829693,508518,1932422
0.05056,227764,611,158679422,508699,775222
0.05041,1933499,6686,158679422,508699,5658860
0.09844,637640,2151,157829693,508518,1144355
0.05039,667961,2051,158679422,508699,2070986
0.05041,1359825,4414,158679422,508699,4389603
0.05023,809,2,158679422,508699,12087
0.05070,42491,90,153886523,489602,380810
0.09977,9918,54,153886523,489602,82531
0.02517,617385,2312,158679422,508699,3062610
0.19050,107219,611,158679422,508699,188237
0.09950,10379,64,158679422,508699,86576
0.05038,197855,743,153886523,489602,526616
0.05020,856874,2856,157829693,508518,2429826
0.09942,149785,460,158679422,508699,635975
0.09942,795533,2650,158679422,508699,1284393
0.09997,2145,5,153886523,489602,24153
0.09779,61416,235,158679422,508699,476801
0.05069,669,2,153886523,489602,10057
0.05065,1244858,3959,158679422,508699,3143166
0.09980,1475802,4484,153886523,489602,2067392
0.05075,406298,1487,153886523,489602,1042267
0.09954,1731525,6127,157829693,508518,2831880
0.05060,12575,50,153886523,489602,108687
0.09954,5608,11,157829693,508518,46309
0.09942,2333221,6869,158679422,508699,3865436
0.05076,690344,2361,158679422,508699,1734157
0.04949,1084350,3263,153886523,489602,2581694
0.09779,911084,3882,158679422,508699,1357093
0.02547,631,2,158679422,508699,14105
0.19050,245075,1156,158679422,508699,284713
0.09811,1944252,5829,157829693,508518,3181365
0.09997,629598,2067,153886523,489602,1211383
0.05074,3506,5,157829693,508518,34210
0.04986,5096,9,153886523,489602,46305
0.11407,986553,3062,158679422,508699,1356998
0.09912,358617,1177,153886523,489602,610488
0.02548,27663,142,157829693,508518,264151
0.05047,11296,50,158679422,508699,108742
0.05061,1029997,3153,157829693,508518,2668276
0.18952,1026875,3626,157829693,508518,1291195
0.09948,661034,2090,158679422,508699,1280680
0.11407,1878270,5611,158679422,508699,3117364
0.05041,1212945,4142,158679422,508699,3376980
0.05076,842116,2815,158679422,508699,2796424
0.09967,1788902,5460,158679422,508699,3071256
0.09796,353179,1474,157829693,508518,532994
0.19050,205826,742,158679422,508699,276445
0.09844,1140147,3537,157829693,508518,2104036
0.09941,1031829,2747,158679422,508699,1414895
0.18653,419650,1243,158679422,508699,426891
0.02548,1241062,4017,157829693,508518,7081880
0.02527,42649,85,158679422,508699,510657
0.05084,1323239,4080,157829693,508518,3432905
0.09971,1196774,4153,153886523,489602,1907378
0.02563,682374,2076,158679422,508699,3656773
0.05074,1133450,3528,157829693,508518,3406978
0.09781,762176,2545,153886523,489602,1210565
0.05060,322205,924,153886523,489602,951593
0.11407,1241634,4218,158679422,508699,1826014
0.05069,38953,235,153886523,489602,259590
0.01248,399800,1350,157829693,508518,5366212
0.09781,1303881,4196,153886523,489602,1853260
0.04916,1447873,4255,153886523,489602,3976961
0.09950,1702479,5645,158679422,508699,2306295
0.04972,11777,64,157829693,508518,106697
0.09942,19089,91,158679422,508699,169081
0.09895,770,3,157829693,508518,12079
0.10018,943010,3187,157829693,508518,1222424
0.09945,1075657,3532,158679422,508699,1865185
0.05067,702396,2011,157829693,508518,2291322
0.10018,11422,55,157829693,508518,104673
0.09950,1296309,4024,158679422,508699,1762167
0.09779,16541,94,158679422,508699,160970
0.05023,918189,2665,158679422,508699,2931841
0.05028,1755082,4911,157829693,508518,4291692
0.18839,12414,51,157829693,508518,50090
0.18653,877254,2823,158679422,508699,897338
0.05075,1086820,3387,153886523,489602,3172589
0.05020,13083,65,157829693,508518,114771
0.05076,955316,2847,158679422,508699,2576950
0.09921,902046,2732,157829693,508518,1345840
0.05067,8564,15,157829693,508518,74462
0.04986,651,2,153886523,489602,10061
0.09989,1350422,4359,153886523,489602,2058193
0.05070,1734384,5097,153886523,489602,5326979
0.18839,795349,2626,157829693,508518,735829
0.09945,69968,259,158679422,508699,521383
0.09781,1644781,5263,153886523,489602,2237160
0.18819,14608,76,153886523,489602,56095
0.02540,698340,2090,153886523,489602,3458590
0.09989,882320,2477,153886523,489602,1513649
0.02517,1282805,4273,158679422,508699,6618852
0.11407,2512,7,158679422,508699,32169
0.04972,1252722,4048,157829693,508518,3368706
0.02548,979621,3047,157829693,508518,6149103
0.05041,755,3,158679422,508699,12098
0.10018,166981,815,157829693,508518,388522
0.09942,11238,37,158679422,508699,100654
0.09997,659494,2267,153886523,489602,1160294
0.05050,661607,2777,153886523,489602,1635376
0.09811,701839,2055,157829693,508518,1243933
0.09950,317379,1121,158679422,508699,571849
0.05047,564361,2144,158679422,508699,1564916
0.09942,580046,1998,158679422,508699,1114156
0.18839,1068047,5191,157829693,508518,938271
0.09945,1038340,3128,158679422,508699,1262773
0.19050,4848,21,158679422,508699,22032
0.05038,668676,2732,153886523,489602,1606113
0.09844,4297,20,157829693,508518,50320
0.04949,572704,2102,153886523,489602,1604784
0.11249,715765,2247,157829693,508518,1230357
0.02547,1083793,3360,158679422,508699,6549814
0.09954,1169443,3469,157829693,508518,2114729
0.09980,1203759,3850,153886523,489602,1914910
0.09844,1646448,4911,157829693,508518,2471356
0.09977,1301601,3868,153886523,489602,1995280
0.02517,1110703,3828,158679422,508699,5712661
0.04986,1759706,5936,153886523,489602,5149662
0.05041,749015,2199,158679422,508699,2019218
0.04972,1024542,2861,157829693,508518,2998774
0.05061,1516644,4673,153886523,489602,3870815
0.05075,2625,5,153886523,489602,26167
0.05065,13886,83,158679422,508699,120725
0.18653,678814,2262,158679422,508699,717900
0.09950,683332,2274,158679422,508699,1293784
0.05023,420,2,158679422,508699,8076
0.09844,723354,2437,157829693,508518,1130189
0.09844,994892,3141,157829693,508518,1492046
0.05065,1268,4,158679422,508699,20128
0.05023,159175,589,158679422,508699,566919
0.09886,754178,2353,157829693,508518,1249400
0.05061,1035164,3176,153886523,489602,2412363
0.09779,304144,1100,158679422,508699,537520
0.05075,753411,2121,153886523,489602,2178202
0.05041,730010,2288,158679422,508699,2045285
0.05050,195794,754,153886523,489602,555251
0.09796,2043,3,157829693,508518,22154
0.05069,22718,103,153886523,489602,205254
0.10009,1490746,4821,153886523,489602,1826030
0.02540,789263,2524,153886523,489602,4646925
0.04972,480852,1612,157829693,508518,1233760
0.09967,3706,7,158679422,508699,34238
0.05038,398033,1338,153886523,489602,1156320
0.09941,536333,1735,158679422,508699,965407
0.09950,272733,888,158679422,508699,668273
0.18653,2221,3,158679422,508699,12044
0.09912,698337,2514,153886523,489602,1077924
0.18819,1295991,5653,153886523,489602,1107028
0.09886,111405,330,157829693,508518,597683
0.09948,1486577,4587,158679422,508699,2174486
0.09989,12533,45,153886523,489602,108685
0.18819,809,1,153886523,489602,6021
0.05023,1648862,5313,158679422,508699,4629318
0.09895,443435,1321,157829693,508518,667497
0.05046,980976,3391,157829693,508518,2686203
0.10018,418409,1420,157829693,508518,599650
0.05041,111405,330,158679422,508699,604237
0.10018,1172979,3824,157829693,508518,1995462
0.09796,772,4,157829693,508518,12094
0.05070,702396,2011,153886523,489602,2335729
0.05039,255510,822,158679422,508699,673908
0.09921,1208662,3743,157829693,508518,2137070
0.19050,834,3,158679422,508699,6017
0.05028,285545,1019,157829693,508518,1015097
0.05002,1836,5,153886523,489602,20142
0.02548,310992,1123,157829693,508518,1639213
0.18653,764809,2909,158679422,508699,701021
0.09997,1997,13,153886523,489602,20148
0.18839,353437,1124,157829693,508518,396702
0.05039,12264,51,158679422,508699,113028
0.02490,319958,1091,153886523,489602,1620183
0.09886,473539,1482,157829693,508518,696454
0.18952,1108700,3859,157829693,508518,1423005
0.05039,2104526,6459,158679422,508699,6610385
0.09942,475001,1602,158679422,508699,707754
0.11249,162554,657,157829693,508518,464132
0.11242,2435,7,153886523,489602,26140
0.18819,2099835,5574,153886523,489602,1768919
0.09997,2316,7,153886523,489602,24178
0.04972,1277701,3833,157829693,508518,3262556
0.05069,204753,666,153886523,489602,620188
0.18952,720916,2507,157829693,508518,861784
0.09921,2193066,6189,157829693,508518,3077697
0.09796,603910,1854,157829693,508518,1138971
0.11242,12834,52,153886523,489602,110529
0.09942,10931,46,158679422,508699,100752
0.18653,883308,2840,158679422,508699,913760
0.04961,1242637,3738,157829693,508518,3416452
0.05076,13487,67,158679422,508699,118867
0.05056,1150551,4019,158679422,508699,2962836
0.09844,551212,1742,157829693,508518,999606
0.04961,11848,55,157829693,508518,110703
0.11242,625489,1968,153886523,489602,1144031
0.02508,777533,2638,157829693,508518,3968372
0.02554,119149,440,157829693,508518,622324
0.18653,517147,1546,158679422,508699,496077
0.05060,1596854,4509,153886523,489602,4007442
0.05055,1212283,3471,157829693,508518,3273622
0.09997,1070115,3463,153886523,489602,1835334
0.05060,920,3,153886523,489602,14088
0.05084,821,3,157829693,508518,14090
0.09912,2367,6,153886523,489602,26171
0.05050,588,2,153886523,489602,10083
0.05069,1645715,5742,153886523,489602,4636575
0.01228,15600,87,153886523,489602,264401
0.11249,153208,599,157829693,508518,468068
0.09977,796070,2657,153886523,489602,1174963
0.09967,593693,2001,158679422,508699,1274385
0.10009,822206,2529,153886523,489602,1498759
0.05039,413110,1524,158679422,508699,1181503
0.05056,4035,4,158679422,508699,36223
0.09945,2164,1,158679422,508699,22136
0.09912,3657,9,153886523,489602,36238
0.05034,1322757,4063,158679422,508699,3599896
0.09811,2914,3,157829693,508518,32217
0.09942,25685,103,158679422,508699,221419
0.05020,1093476,3411,158679422,508699,3263558
0.05039,11137,56,158679422,508699,108944
0.10018,16574,67,157829693,508518,146972
0.05020,1200615,4252,157829693,508518,3353551
0.09950,1169503,4006,158679422,508699,1719519
0.09942,557311,1872,158679422,508699,1014881
0.05023,844067,2588,158679422,508699,2317096
0.11242,629626,2157,153886523,489602,1088945
0.18819,1285700,4118,153886523,489602,1219485
0.11249,847865,2391,157829693,508518,1390687
0.05075,2050,4,153886523,489602,20120
0.09971,1011093,3495,153886523,489602,1712957
0.02508,397437,1761,157829693,508518,1964513
0.09967,1253371,4008,158679422,508699,1951432
0.05047,2227586,6638,158679422,508699,6184470
0.18653,1366771,3930,158679422,508699,1424119
0.05055,1355082,4287,157829693,508518,3756444
0.09921,2294570,7528,157829693,508518,3768442
0.05074,911803,3013,157829693,508518,2848201
0.05061,1416821,4544,153886523,489602,3959197
0.05055,3566,5,157829693,508518,34215
0.09912,2507138,8083,153886523,489602,3603210
0.18819,17789,78,153886523,489602,70113
0.05034,927687,3019,158679422,508699,2508060
0.09895,735199,2346,157829693,508518,1195477
0.09997,1130962,3996,153886523,489602,1828395
0.09954,61412,235,157829693,508518,509555
0.18952,1579,3,157829693,508518,10028
0.05070,2373,4,153886523,489602,24185
0.05070,1128406,4100,153886523,489602,2858865
0.05069,3419,1,153886523,489602,34215
0.05070,571064,1922,153886523,489602,1749459
0.09942,2411,7,158679422,508699,26187
0.05047,1038,5,158679422,508699,14108
0.09950,12243,53,158679422,508699,110679
0.09796,1272434,4504,157829693,508518,1729286
0.04961,1235914,3894,157829693,508518,3709449
0.05063,12749,58,158679422,508699,114715
0.18437,2384109,5142,153886523,489602,2491593
0.05074,2950,6,157829693,508518,30200
0.02562,1013668,2951,153886523,489602,5745247
0.04972,599540,1856,157829693,508518,1725530
0.05034,20999,92,158679422,508699,201266
0.09931,21088,95,158679422,508699,193359
0.05050,426106,1348,153886523,489602,1109612
0.05020,17786,111,158679422,508699,179105
0.02540,1086973,3312,153886523,489602,5844293
0.09844,1148845,4361,157829693,508518,1618029
0.09942,11021,59,158679422,508699,94609
0.18437,1400203,4400,153886523,489602,1569668
0.09895,923784,2787,157829693,508518,1236369
0.09950,580,3,158679422,508699,10063
0.09942,2140716,6578,158679422,508699,3660093
0.09942,1069533,4119,158679422,508699,1597231
0.09941,986099,3365,158679422,508699,1588181
0.09931,231552,823,158679422,508699,570320
0.09954,1049214,3427,157829693,508518,1746236
0.10018,275590,1049,157829693,508518,531643
0.18839,1356275,4609,157829693,508518,1154815
0.11407,691541,1521,158679422,508699,871628
0.10018,135561,530,157829693,508518,519328
0.05020,752638,2882,158679422,508699,2110701
0.01227,153223,561,158679422,508699,1575626
0.05028,672377,2060,157829693,508518,1625704
0.05002,16070,92,153886523,489602,150894
0.05076,1256,4,158679422,508699,14093
0.05055,11158,51,157829693,508518,96599
0.05076,693025,2273,158679422,508699,1876598
0.19050,789263,2524,158679422,508699,1160629
0.10018,819653,2495,157829693,508518,1428204
0.09997,559690,2045,153886523,489602,925855
0.05056,1002472,3230,158679422,508699,2651181
0.09781,11495,47,153886523,489602,98606
0.05065,11116,51,158679422,508699,98583
0.02517,1362415,4194,153886523,489602,6861854
0.11407,88606,273,158679422,508699,540827
0.05084,770,3,157829693,508518,12067
0.09811,11849,62,157829693,508518,102645
0.11407,634150,2602,158679422,508699,1025085
0.09781,1308123,3784,153886523,489602,2138568
0.05075,4327,8,153886523,489602,36227
0.11249,1921430,6260,157829693,508518,3018421
0.05034,697497,2404,158679422,508699,1798166
0.09895,14140,79,157829693,508518,120766
0.09779,165538,619,158679422,508699,531090
0.09886,1463674,4450,157829693,508518,2045083
0.05070,2189,4,153886523,489602,24200
0.05069,882,3,153886523,489602,12083
0.02563,689,2,158679422,508699,10066
0.09895,1497538,3730,157829693,508518,2304288
0.19050,12973,49,158679422,508699,54068
0.18839,924342,2948,157829693,508518,849327
0.04961,747993,2132,157829693,508518,2041532
0.09941,1119320,3384,158679422,508699,1800464
0.05074,294226,1070,157829693,508518,1029794
0.09895,1071823,3699,157829693,508518,1666321
0.02554,255953,954,157829693,508518,1411741
0.05061,269318,974,157829693,508518,1080276
0.09971,2370,6,153886523,489602,26165
0.02562,988825,3384,153886523,489602,5288989
0.09779,888818,2776,158679422,508699,1224039
0.09941,2462931,7750,158679422,508699,3835145
0.05075,4329,11,153886523,489602,38259
0.09931,330297,1134,158679422,508699,591935
0.09977,15791,91,153886523,489602,148987
0.18839,1416821,4544,157829693,508518,1368654
0.05061,221709,796,157829693,508518,570642
0.05069,1317978,4193,153886523,489602,3835713
0.09895,2134324,7273,157829693,508518,3484007
0.09779,662401,3693,158679422,508699,870430
0.18819,848,3,153886523,489602,6021
0.05070,242182,891,153886523,489602,735751
0.09977,1845511,5924,153886523,489602,2345255
0.09980,860160,2835,153886523,489602,1253753
0.05084,639083,2397,157829693,508518,1609865
0.04916,91563,278,153886523,489602,595903
0.09886,1663236,5086,157829693,508518,2597467
0.05061,2431,7,153886523,489602,28216
0.09950,184649,697,158679422,508699,521279
0.09997,621834,1798,153886523,489602,1239895
0.04961,13620,62,157829693,508518,122783
0.05074,1290596,4160,157829693,508518,3818553
0.09967,772,4,158679422,508699,12075
0.09954,957092,2896,157829693,508518,1309978
0.09997,255953,954,153886523,489602,541582
0.09886,47699,238,157829693,508518,360200
0.09921,1082612,3386,157829693,508518,2086527
0.04986,812062,2771,153886523,489602,2109526
0.18839,837,5,157829693,508518,6020
0.09779,2599,8,158679422,508699,28210
0.18819,1803301,5584,153886523,489602,1803360
0.01228,504769,1709,153886523,489602,5684655
0.11242,3715,3,153886523,489602,32159
0.09912,1492228,4290,153886523,489602,2411303
0.09980,786879,3078,153886523,489602,1017839
0.09948,1188476,3502,158679422,508699,1857573
0.09886,1112553,3499,157829693,508518,1929766
0.01240,255708,951,158679422,508699,3387291
0.09796,1305229,4133,157829693,508518,1932162
0.09931,155090,549,158679422,508699,592576
0.09796,844153,2499,157829693,508518,1181296
0.09971,16677,84,153886523,489602,171243
0.09941,4313,10,158679422,508699,40251
0.18653,2491,15,158679422,508699,14023
0.09811,596658,1800,157829693,508518,1148234
0.18819,1469,8,153886523,489602,12028
0.05020,812000,2463,158679422,508699,2074583
0.18437,20072,77,153886523,489602,88120
0.05060,1528292,4696,153886523,489602,4236532
0.04949,1058695,3616,153886523,489602,2765780
0.09779,1261008,3906,158679422,508699,2010899
0.04887,785732,2465,157829693,508518,2072969
0.04916,1038095,3515,153886523,489602,2745952
0.09971,1082374,4016,153886523,489602,1563779
0.11407,1690373,3318,158679422,508699,2797430
0.09796,2025,3,157829693,508518,20120
0.05047,4281,10,158679422,508699,40255
0.05076,2196,5,158679422,508699,26181
0.05034,641230,1729,158679422,508699,1800023
0.05070,17682,103,153886523,489602,177515
0.09954,3574,9,157829693,508518,34251
0.11249,1018540,3294,157829693,508518,1589966
0.05056,24643,130,158679422,508699,209266
0.05028,1324866,4020,157829693,508518,3553337
0.04887,1327093,4202,157829693,508518,4070858
0.05046,15814,75,157829693,508518,153472
0.05023,1325175,3771,158679422,508699,3362279
0.19050,101599,375,158679422,508699,224266
0.09971,1356275,4609,153886523,489602,1669952
0.05039,223155,837,158679422,508699,590669
0.05023,2257,6,158679422,508699,24146
0.18952,1461988,5035,157829693,508518,2056786
0.09779,15433,80,158679422,508699,144905
0.18653,12114,60,158679422,508699,50132
0.09921,1184469,3674,157829693,508518,2172470
0.18437,534910,1739,153886523,489602,688561
0.09931,870843,2844,158679422,508699,1269289
0.10009,1630836,5583,153886523,489602,2475931
0.18437,54465,163,153886523,489602,210237
0.09948,2403710,8022,158679422,508699,3608877
0.05047,17562,88,158679422,508699,153006
0.09948,1385470,4209,158679422,508699,2131629
0.09945,1635139,4973,158679422,508699,2677757
0.18437,1467878,4515,153886523,489602,1666300
0.02554,12114,60,157829693,508518,106695
0.19050,39982,71,158679422,508699,160776
0.04949,890629,2915,153886523,489602,2419008
0.05034,1527423,4341,158679422,508699,4046628
0.05065,1112999,3832,158679422,508699,2963377
0.09971,38336,185,153886523,489602,334546
0.09931,363460,1232,158679422,508699,590124
0.09977,1141324,3400,153886523,489602,2012822
0.05041,1261255,3903,158679422,508699,3771771
0.09980,5679,3,153886523,489602,44299
0.05069,655091,1971,153886523,489602,1827139
0.18437,11898,65,153886523,489602,46048
0.05069,2028,10,153886523,489602,22126
0.18819,356921,1289,153886523,489602,344913
0.18653,1726448,5226,158679422,508699,1838237
0.18819,48902,236,153886523,489602,146309
0.11407,2166,4,158679422,508699,24129
0.09977,796625,2843,153886523,489602,1085017
0.18819,64901,237,153886523,489602,230435
0.09931,13092,59,158679422,508699,118869
0.18437,1185399,4145,153886523,489602,1345893
0.05065,1083655,2920,158679422,508699,2786284
0.05020,1897602,5332,158679422,508699,4838935
0.18952,1249062,4000,157829693,508518,1399660
0.01240,12603,73,158679422,508699,116835
0.09921,12440,59,157829693,508518,110695
0.11407,842557,3065,158679422,508699,1259599
0.10018,914088,3099,157829693,508518,1343997
0.09779,144814,517,158679422,508699,523043
0.09931,15443,78,158679422,508699,155072
0.09811,83799,318,157829693,508518,461055
0.09971,197040,1663,153886523,489602,270255
0.09989,2271437,4852,153886523,489602,2512818
0.05002,11605,57,153886523,489602,102607
0.18819,999509,3093,153886523,489602,1001827
0.05063,843,2,158679422,508699,14092
0.05002,1488609,4674,153886523,489602,4639548
0.09989,2472229,5055,153886523,489602,3266131
0.01222,146420,523,157829693,508518,2430023
0.02554,291477,883,157829693,508518,1523428
0.09895,949191,3007,157829693,508518,1282436
0.04916,1563838,4912,153886523,489602,4703474
0.18839,1722682,6228,157829693,508518,1765297
0.04887,702555,2228,157829693,508518,1947517
0.05039,1391436,5053,158679422,508699,4091822
0.11249,1010879,3573,157829693,508518,1671353
0.02517,708729,2228,153886523,489602,4064850
0.18819,1455403,4435,153886523,489602,1263823
0.05076,5810,9,158679422,508699,50311
0.09967,197855,743,158679422,508699,501276
0.11242,1136623,3477,153886523,489602,2111127
0.09811,2183027,6610,157829693,508518,3876812
0.05074,19061,110,157829693,508518,195216
0.05061,518289,1718,153886523,489602,1559075
0.18653,598424,1951,158679422,508699,669265
0.05056,1620715,5265,158679422,508699,4256381
0.09971,1481826,5251,153886523,489602,2055856
0.09912,757693,1991,153886523,489602,1446170
0.02548,305154,1384,157829693,508518,1503787
0.05076,675675,2410,158679422,508699,1778844
0.09779,1142159,3557,158679422,508699,1914473
0.05060,11021,59,153886523,489602,94661
0.18839,1545420,4390,157829693,508518,1378133
0.18839,896752,2938,157829693,508518,863179
0.09931,427568,1511,158679422,508699,582850
0.05023,249908,834,158679422,508699,637305
0.02563,788013,2492,158679422,508699,4368664
0.18437,1058590,3506,153886523,489602,1424504
0.05038,1837506,5675,153886523,489602,4886157
0.09950,1231118,3791,158679422,508699,2222982
0.09941,749741,2248,158679422,508699,1368732
0.04916,1168210,3875,153886523,489602,3257069
0.19050,580261,1597,158679422,508699,692279
0.10018,24094,144,157829693,508518,203243
0.09912,1568,5,153886523,489602,18115
0.05065,1225608,3713,158679422,508699,3607143
0.09895,2625,5,157829693,508518,26170
0.09997,775020,2558,153886523,489602,1186907
0.18839,3145,9,157829693,508518,16024
0.05002,1317,2,153886523,489602,16112
0.18653,853711,2773,158679422,508699,842617
0.09886,917360,3098,157829693,508518,1219706
0.02554,1810,13,157829693,508518,18154
0.09886,13423,71,157829693,508518,132776
0.02554,344556,1192,157829693,508518,1702402
0.04961,1768007,5383,157829693,508518,4960549
0.19050,1393881,4276,158679422,508699,1777116
0.05046,1287530,4164,157829693,508518,4030766
0.05002,676788,2012,153886523,489602,2149102
0.04961,13083,48,157829693,508518,118763
0.09779,13817,53,158679422,508699,122728
0.10018,1026295,3139,157829693,508518,1508616
0.01209,3543,3,153886523,489602,36368
0.09989,1553,14,153886523,489602,20119
0.02562,52490,279,153886523,489602,290438
0.11407,1126097,3422,158679422,508699,2236357
0.09844,2237,6,157829693,508518,24155
0.18653,11491,51,158679422,508699,48080
0.05055,445219,1393,157829693,508518,1258435
0.05023,266712,1044,158679422,508699,894290
0.05002,1091096,3249,153886523,489602,2998936
0.18952,2309017,6937,157829693,508518,3403153
0.05020,13111,44,158679422,508699,116708
0.05084,1543623,4738,157829693,508518,4311128
0.05038,181146,692,153886523,489602,495944
0.05061,987378,3125,157829693,508518,2449169
0.18839,708508,2058,157829693,508518,734424
0.05075,1570501,4896,153886523,489602,4363894
0.19050,1114503,3258,158679422,508699,1287466
0.09779,12477,66,158679422,508699,104626
0.09886,904662,2685,157829693,508518,1501399
0.09997,15814,75,153886523,489602,134815
0.18819,1438899,4574,153886523,489602,1429872
0.10009,451505,1430,153886523,489602,658013
0.09950,12808,70,158679422,508699,112731
0.11242,1042385,3411,153886523,489602,1889878
0.10009,24022,107,153886523,489602,207223
0.04986,2107362,6674,153886523,489602,6047743
0.09942,1449787,5046,158679422,508699,2366739
0.09912,1287374,3963,153886523,489602,1999339
0.05061,1278386,4001,157829693,508518,3789550
0.09931,1646058,4927,158679422,508699,2527959
0.19050,2084183,6315,158679422,508699,2848288
0.09931,993877,3325,158679422,508699,1687796
0.18952,22005,101,157829693,508518,88112
0.18653,1254895,4038,158679422,508699,1155043
0.02548,14608,76,157829693,508518,147216
0.18839,4377,37,157829693,508518,20039
0.05002,73563,380,153886523,489602,338351
0.05061,221621,780,157829693,508518,582450
0.09931,19002,80,158679422,508699,165185
0.05002,802892,2436,153886523,489602,1940850
0.11249,1357848,4763,157829693,508518,2010998
0.09844,28075,140,157829693,508518,243531
0.04972,28636,125,157829693,508518,295803
0.09945,2115952,6863,158679422,508699,2904053
0.05065,551,2,158679422,508699,10060
0.09989,605326,1809,153886523,489602,1232163
0.09931,22451,121,158679422,508699,185289
0.19050,448334,1365,158679422,508699,566029
0.09954,1320306,4185,157829693,508518,2150972
0.05038,1086869,3416,153886523,489602,3116661
0.09945,439573,1481,158679422,508699,625518
0.04986,723354,2437,153886523,489602,1774954
0.10009,1237203,3865,153886523,489602,2148657
0.04961,17201,76,157829693,508518,157000
0.09844,1283354,3836,157829693,508518,1900073
0.05076,119799,537,158679422,508699,526203
0.05047,547490,1817,158679422,508699,1658901
0.05041,154401,627,158679422,508699,506719
0.05028,153808,603,157829693,508518,516205
0.09931,1052490,3351,158679422,508699,1648528
0.02527,14509,63,158679422,508699,131267
0.09945,1382595,4697,158679422,508699,1902951
0.09967,1500639,4844,158679422,508699,2036991
0.11407,468,2,158679422,508699,8037
0.19050,631563,2250,158679422,508699,817427
0.05067,410337,1448,157829693,508518,1224197
0.09781,1606877,4907,153886523,489602,2531525
0.09912,714899,2492,153886523,489602,1049966
0.18819,2428,1,153886523,489602,12028
0.09997,485172,1548,153886523,489602,650662
0.18839,663330,2114,157829693,508518,699708
0.02508,5806,3,157829693,508518,60468
0.09950,32540,165,158679422,508699,273701
0.05074,47869,231,157829693,508518,372482
0.05063,606381,2034,158679422,508699,1760984
0.05050,1991177,6397,153886523,489602,5339246
0.02548,1319205,4355,157829693,508518,6779418
0.09895,77321,464,157829693,508518,356233
0.04887,1415247,4326,157829693,508518,4309492
0.05041,13083,65,158679422,508699,114773
0.09977,672377,2060,153886523,489602,928717
0.05020,1712571,4964,157829693,508518,4740594
0.09950,13050,7,158679422,508699,102640
0.05067,696319,4111,157829693,508518,1901765
0.11407,21673,94,158679422,508699,192989
0.02517,14503,55,153886523,489602,139377
0.05020,800791,2706,157829693,508518,2250699
0.05046,12533,46,157829693,508518,117107
0.19050,1011156,3184,158679422,508699,1350827
0.11242,1549566,3721,153886523,489602,2673529
0.11407,22363,94,158679422,508699,249285
0.05050,845889,2839,153886523,489602,2268894
0.09781,1057767,3214,153886523,489602,1239441
0.02490,1223772,4286,153886523,489602,6147657
0.09931,2205048,6991,158679422,508699,3724845
0.05060,1346903,4462,153886523,489602,3714048
0.18653,1200597,4234,158679422,508699,1205417
0.05047,774290,2473,158679422,508699,2018994
0.11249,704762,2099,157829693,508518,1267594
0.09950,625999,1866,158679422,508699,1138883
0.05076,13411,57,158679422,508699,120779
0.05020,137958,499,158679422,508699,588729
0.09779,1442732,4557,158679422,508699,2184437
0.09941,1004104,2962,158679422,508699,1316884
0.09997,1567,4,153886523,489602,18126
0.02508,267127,873,157829693,508518,1548228
0.05060,17725,106,153886523,489602,173075
0.10009,667679,2056,153886523,489602,1140291
0.05069,2300,6,153886523,489602,24146
0.05075,2181,1,153886523,489602,22129
0.18653,369184,898,158679422,508699,451104
0.05063,1394076,4407,158679422,508699,3903222
0.18437,641230,1729,153886523,489602,728364
0.09971,888968,2617,153886523,489602,1276045
0.05047,34597,250,158679422,508699,277940
0.09912,356217,1461,153886523,489602,555926
0.05074,2404,8,157829693,508518,28183
0.09895,729208,3117,157829693,508518,915572
0.11249,1070115,3463,157829693,508518,2045359
0.02527,1153148,3469,158679422,508699,6497957
0.18437,295060,962,153886523,489602,364941
0.09967,5218,9,158679422,508699,50338
0.09997,924155,2853,153886523,489602,1431714
0.05020,1486577,4587,157829693,508518,4372028
0.05041,1589184,4930,158679422,508699,4269980
0.05070,1042918,3439,153886523,489602,3257149
0.09796,1183035,3363,157829693,508518,1911860
0.11242,11547,52,153886523,489602,122604
0.01220,496,2,153886523,489602,16164
0.09950,258297,964,158679422,508699,543536
0.09912,854917,3073,153886523,489602,1145846
0.09977,1561390,4859,153886523,489602,2126578
0.09980,493620,1795,153886523,489602,889168
0.01213,624443,2084,153886523,489602,6454859
0.05039,1723,12,158679422,508699,20152
0.09811,1123227,3715,157829693,508518,1985514
0.18653,894459,3020,158679422,508699,818999
0.05067,917159,3202,157829693,508518,2369113
0.10018,642,2,157829693,508518,10067
0.09980,1988063,5356,153886523,489602,2737962
0.09967,915757,2634,158679422,508699,1316185
0.09811,13737,57,157829693,508518,126821
0.09971,486735,1527,153886523,489602,676010
0.09977,41397,236,153886523,489602,277780
0.05063,1201420,3971,158679422,508699,3160847
0.05069,329974,1674,153886523,489602,827358
0.05046,784947,2257,157829693,508518,2000036
0.09796,2103411,6210,157829693,508518,2911906
