0.05054,0.02257,1.5573669E7,2.109173567E9,4,20000,5967.5,4,50829
0.09960,0.02254,1.5573669E7,2.109173567E9,8,20000,7983.0,8,50860
0.09957,0.02253,1.5573669E7,2.109173567E9,8,20000,5967.0,8,50764
0.09801,0.02256,3.9775252E7,5.440592391E9,8,7200,5967.0,8,83189
0.02569,0.02263,5.0507997E7,6.915632632E9,2,7200,5967.7,2,97939
0.05042,0.02242,4.7260359E7,6.422804915E9,4,7200,3951.5,4,89891
0.09887,0.02224,4.5244026E7,6.152795784E9,8,7200,3951.0,8,87070
0.18727,0.04744,5.0507997E7,6.915632632E9,8,7200,20991.0,8,97849
0.05004,0.02233,4.7260359E7,6.422804915E9,4,7200,7983.5,4,89990
0.09801,0.02256,3.9775252E7,5.440592391E9,8,7200,5967.0,8,83111
0.10006,0.02268,3.9775252E7,5.440592391E9,8,7200,7983.0,8,83241
0.19158,0.04832,4.5244026E7,6.152795784E9,8,7200,11999.0,8,87012
0.09929,0.02260,4.5244026E7,6.152795784E9,8,7200,7983.0,8,87114
0.19074,0.04800,4.7260359E7,6.422804915E9,8,7200,11999.0,8,89844
0.09875,0.02235,1.5573669E7,2.109173567E9,8,20000,1999.5,8,50787
0.05065,0.02238,3.9775252E7,5.440592391E9,4,7200,7983.5,4,83153
0.05030,0.02108,5.0507997E7,6.915632632E9,4,7200,7983.5,4,97758
0.05009,0.02226,4.7260359E7,6.422804915E9,4,7200,3951.5,4,90035
0.05070,0.02243,3.9775252E7,5.440592391E9,4,7200,7983.5,4,83286
0.09938,0.02260,3.0279638E7,4.099911192E9,8,7200,3951.0,8,65050
0.11303,0.02861,3.0279638E7,4.099911192E9,8,7200,2394.8,8,65078
0.09873,0.02254,5.0507997E7,6.915632632E9,8,7200,7983.0,8,97810
0.04947,0.02256,4.5244026E7,6.152795784E9,4,7200,5967.5,4,86971
0.05019,0.02227,4.5244026E7,6.152795784E9,4,7200,7983.5,4,87153
0.09975,0.02250,3.0279638E7,4.099911192E9,8,7200,3951.0,8,65141
0.04985,0.02252,3.0279638E7,4.099911192E9,4,7200,7983.5,4,65110
0.10017,0.02256,1.5573669E7,2.109173567E9,8,20000,3951.0,8,50806
0.09879,0.02269,3.0279638E7,4.099911192E9,8,7200,7983.0,8,65023
0.18729,0.04658,4.7260359E7,6.422804915E9,8,7200,20991.0,8,89941
0.05030,0.02260,5.0507997E7,6.915632632E9,4,7200,3951.5,4,97898
